37268
35932
13423
9462
53002
45146
41328
39191
57801
44916
39696
60494
33557
55682
15618
51277
50727
32304
61221
10357
22494
53399
11381
44720
33041
6731
25541
1095
48693
2069
49800
14055
57595
42844
15337
18765
62607
62155
25300
57029
4245
13034
9023
56959
2761
42134
12670
43596
33057
47048
15571
29145
3828
15640
57353
53786
1278
13354
44787
15994
40646
55553
3438
14636
13708
34359
6969
38758
12926
1722
35565
36869
44289
50927
49323
7450
30567
50046
55866
60846
29131
10157
64846
19065
63814
54844
25838
37162
11916
60080
33699
21468
11083
62928
16495
28728
30437
60245
57331
10554
